2014_1_22_10_10_6 241.43 242.23 241.83
2014_1_22_10_11_8 241.41 242.21 241.81
2014_1_22_10_12_11 241.41 242.21 241.81
2014_1_22_10_14_8 241.37 242.17 241.77
2014_1_22_10_15_11 241.47 242.27 241.87
2014_1_22_10_16_13 241.48 242.28 241.88
2014_1_22_10_17_16 241.47 242.27 241.87
2014_1_22_10_18_19 241.45 242.25 241.85
2014_1_22_10_19_21 241.43 242.23 241.83
2014_1_22_10_20_24 241.42 242.22 241.82
2014_1_22_10_21_26 241.41 242.21 241.81
2014_1_22_10_22_28 241.39 242.19 241.79
2014_1_22_10_23_32 241.39 242.19 241.79
2014_1_22_10_24_35 241.36 242.16 241.76
2014_1_22_10_25_37 241.36 242.16 241.76
2014_1_22_10_26_39 241.36 242.16 241.76
2014_1_22_10_27_46 241.36 242.16 241.76
2014_1_22_10_28_48 241.38 242.18 241.78
2014_1_22_10_29_50 241.37 242.17 241.77
2014_1_22_10_30_52 241.38 242.18 241.78
