2014_1_22_7_44_19 241.32 242.12 241.72
2014_1_22_7_45_21 241.32 242.12 241.72
2014_1_22_7_46_23 241.37 242.17 241.77
2014_1_22_7_47_25 241.33 242.13 241.73
2014_1_22_7_48_28 241.33 242.13 241.73
2014_1_22_7_49_31 241.30 242.10 241.70
2014_1_22_7_50_33 241.41 242.21 241.81
2014_1_22_7_51_35 241.41 242.21 241.81
2014_1_22_7_52_38 241.39 242.19 241.79
2014_1_22_7_53_41 241.39 242.19 241.79
2014_1_22_7_54_43 241.40 242.20 241.80
2014_1_22_7_55_45 241.40 242.20 241.80
2014_1_22_7_56_48 241.40 242.20 241.80
2014_1_22_7_57_51 241.40 242.20 241.80
2014_1_22_7_58_53 241.40 242.20 241.80
2014_1_22_7_59_55 241.40 242.20 241.80
2014_1_22_8_0_57 241.36 242.16 241.76
2014_1_22_8_2_0 241.36 242.16 241.76
2014_1_22_8_3_3 241.41 242.21 241.81
2014_1_22_8_4_6 241.41 242.21 241.81
