2014_1_21_23_44_31 240.96 241.76 241.36
2014_1_21_23_45_33 240.98 241.78 241.38
2014_1_21_23_46_36 241.00 241.80 241.40
2014_1_21_23_47_39 241.00 241.80 241.40
2014_1_21_23_48_40 240.97 241.77 241.37
2014_1_21_23_49_42 240.97 241.77 241.37
2014_1_21_23_50_45 240.92 241.72 241.32
2014_1_21_23_51_48 240.92 241.72 241.32
2014_1_21_23_52_50 240.90 241.70 241.30
2014_1_21_23_54_57 240.97 241.77 241.37
2014_1_21_23_55_58 240.98 241.78 241.38
2014_1_21_23_57_0 240.94 241.74 241.34
2014_1_21_23_58_2 240.94 241.74 241.34
2014_1_21_23_59_3 241.01 241.81 241.41
2014_1_22_0_0_6 241.01 241.81 241.41
2014_1_22_0_1_8 241.00 241.80 241.40
2014_1_22_0_2_9 240.95 241.75 241.35
2014_1_22_0_3_11 240.95 241.75 241.35
2014_1_22_0_4_13 240.93 241.73 241.33
2014_1_22_0_5_15 240.83 241.63 241.23
