2014_1_21_23_2_56 240.67 241.47 241.07
2014_1_21_23_3_59 240.63 241.43 241.03
2014_1_21_23_5_1 240.58 241.38 240.98
2014_1_21_23_6_3 240.61 241.41 241.01
2014_1_21_23_7_6 240.65 241.45 241.05
2014_1_21_23_8_8 240.65 241.45 241.05
2014_1_21_23_9_11 240.80 241.60 241.20
2014_1_21_23_10_14 240.61 241.41 241.01
2014_1_21_23_11_17 240.66 241.46 241.06
2014_1_21_23_12_19 240.66 241.46 241.06
2014_1_21_23_13_22 240.66 241.46 241.06
2014_1_21_23_14_25 240.66 241.46 241.06
2014_1_21_23_15_27 240.66 241.46 241.06
2014_1_21_23_16_29 240.66 241.46 241.06
2014_1_21_23_17_32 240.72 241.52 241.12
2014_1_21_23_18_34 240.72 241.52 241.12
2014_1_21_23_19_36 240.83 241.63 241.23
2014_1_21_23_20_38 240.79 241.59 241.19
2014_1_21_23_21_41 240.79 241.59 241.19
2014_1_21_23_22_43 240.86 241.66 241.26
