2014_1_22_1_29_24 241.28 242.08 241.68
2014_1_22_1_30_47 241.27 242.07 241.67
2014_1_22_1_32_19 241.25 242.05 241.65
2014_1_22_1_33_22 241.19 241.99 241.59
2014_1_22_1_34_24 241.22 242.02 241.62
2014_1_22_1_35_29 241.25 242.05 241.65
2014_1_22_1_36_34 241.20 242.00 241.60
2014_1_22_1_37_36 241.19 241.99 241.59
2014_1_22_1_38_39 241.19 241.99 241.59
2014_1_22_1_39_41 241.20 242.00 241.60
2014_1_22_1_40_44 241.09 241.89 241.49
2014_1_22_1_41_47 241.05 241.85 241.45
2014_1_22_1_42_49 241.06 241.86 241.46
2014_1_22_1_43_52 241.02 241.82 241.42
2014_1_22_1_44_55 241.05 241.85 241.45
2014_1_22_1_45_57 240.96 241.76 241.36
2014_1_22_1_46_59 241.00 241.80 241.40
2014_1_22_1_48_1 241.00 241.80 241.40
2014_1_22_1_49_19 241.10 241.90 241.50
2014_1_22_1_50_29 241.09 241.89 241.49
