2014_1_22_8_5_8 241.39 242.19 241.79
2014_1_22_8_6_12 241.45 242.25 241.85
2014_1_22_8_7_15 241.44 242.24 241.84
2014_1_22_8_8_18 241.44 242.24 241.84
2014_1_22_8_9_21 241.43 242.23 241.83
2014_1_22_8_10_24 241.43 242.23 241.83
2014_1_22_8_11_27 241.43 242.23 241.83
2014_1_22_8_12_30 241.42 242.22 241.82
2014_1_22_8_13_32 241.36 242.16 241.76
2014_1_22_8_14_33 241.34 242.14 241.74
2014_1_22_8_15_35 241.36 242.16 241.76
2014_1_22_8_16_38 241.38 242.18 241.78
2014_1_22_8_17_39 241.38 242.18 241.78
2014_1_22_8_18_41 241.34 242.14 241.74
2014_1_22_8_19_43 241.34 242.14 241.74
2014_1_22_8_20_45 241.37 242.17 241.77
2014_1_22_8_21_47 241.37 242.17 241.77
2014_1_22_8_22_49 241.35 242.15 241.75
2014_1_22_8_23_52 241.38 242.18 241.78
2014_1_22_8_24_56 241.38 242.18 241.78
