2014_1_22_13_41_53 241.27 242.07 241.67
2014_1_22_13_42_55 241.28 242.08 241.68
2014_1_22_13_43_56 241.28 242.08 241.68
2014_1_22_13_45_0 241.28 242.08 241.68
2014_1_22_13_46_3 241.20 242.00 241.60
2014_1_22_13_47_6 241.22 242.02 241.62
2014_1_22_13_48_9 241.28 242.08 241.68
2014_1_22_13_49_20 241.27 242.07 241.67
2014_1_22_13_50_23 241.27 242.07 241.67
2014_1_22_13_51_34 241.25 242.05 241.65
2014_1_22_13_52_36 241.23 242.03 241.63
2014_1_22_13_53_38 241.24 242.04 241.64
2014_1_22_13_54_41 241.24 242.04 241.64
2014_1_22_13_55_43 241.26 242.06 241.66
2014_1_22_13_56_45 241.22 242.02 241.62
2014_1_22_13_57_49 241.25 242.05 241.65
2014_1_22_13_58_53 241.23 242.03 241.63
2014_1_22_13_59_58 241.27 242.07 241.67
2014_1_22_14_1_1 241.28 242.08 241.68
2014_1_22_14_2_4 241.27 242.07 241.67
