2014_1_21_10_39_8 242.33 243.13 242.73
2014_1_21_10_39_38 242.33 243.13 242.73
2014_1_21_10_40_8 242.33 243.13 242.73
2014_1_21_10_40_39 242.36 243.16 242.76
2014_1_21_10_41_10 242.33 243.13 242.73
2014_1_21_10_41_40 242.30 243.10 242.70
2014_1_21_10_42_10 242.30 243.10 242.70
2014_1_21_10_42_41 242.30 243.10 242.70
2014_1_21_10_43_12 242.43 243.23 242.83
2014_1_21_10_43_43 242.41 243.21 242.81
2014_1_21_10_44_14 242.41 243.21 242.81
2014_1_21_10_44_44 242.41 243.21 242.81
2014_1_21_10_45_16 242.40 243.20 242.80
2014_1_21_10_45_47 242.38 243.18 242.78
2014_1_21_10_46_18 242.40 243.20 242.80
2014_1_21_10_46_48 242.40 243.20 242.80
2014_1_21_10_47_19 242.40 243.20 242.80
2014_1_21_10_47_49 242.40 243.20 242.80
2014_1_21_10_48_20 242.42 243.22 242.82
2014_1_21_10_48_50 242.42 243.22 242.82
