2014_1_22_12_59_40 241.34 242.14 241.74
2014_1_22_13_0_42 241.34 242.14 241.74
2014_1_22_13_1_44 241.40 242.20 241.80
2014_1_22_13_2_47 241.37 242.17 241.77
2014_1_22_13_3_51 241.37 242.17 241.77
2014_1_22_13_4_53 241.38 242.18 241.78
2014_1_22_13_5_55 241.38 242.18 241.78
2014_1_22_13_6_57 241.34 242.14 241.74
2014_1_22_13_7_59 241.30 242.10 241.70
2014_1_22_13_9_3 241.30 242.10 241.70
2014_1_22_13_10_5 241.30 242.10 241.70
2014_1_22_13_11_8 241.30 242.10 241.70
2014_1_22_13_12_14 241.30 242.10 241.70
2014_1_22_13_13_18 241.31 242.11 241.71
2014_1_22_13_14_22 241.34 242.14 241.74
2014_1_22_13_15_24 241.34 242.14 241.74
2014_1_22_13_16_26 241.26 242.06 241.66
2014_1_22_13_17_29 241.24 242.04 241.64
2014_1_22_13_18_31 241.28 242.08 241.68
2014_1_22_13_19_48 241.28 242.08 241.68
