2014_1_22_3_35_6 241.41 242.21 241.81
2014_1_22_3_36_9 241.34 242.14 241.74
2014_1_22_3_37_11 241.40 242.20 241.80
2014_1_22_3_38_13 241.44 242.24 241.84
2014_1_22_3_39_16 241.46 242.26 241.86
2014_1_22_3_40_19 241.49 242.29 241.89
2014_1_22_3_41_21 241.53 242.33 241.93
2014_1_22_3_42_23 241.53 242.33 241.93
2014_1_22_3_43_25 241.64 242.44 242.04
2014_1_22_3_44_26 241.64 242.44 242.04
2014_1_22_3_45_28 241.64 242.44 242.04
2014_1_22_3_46_29 241.55 242.35 241.95
2014_1_22_3_47_32 241.55 242.35 241.95
2014_1_22_3_48_35 241.53 242.33 241.93
2014_1_22_3_49_36 241.55 242.35 241.95
2014_1_22_3_50_38 241.52 242.32 241.92
2014_1_22_3_51_40 241.48 242.28 241.88
2014_1_22_3_52_42 241.51 242.31 241.91
2014_1_22_3_53_44 241.51 242.31 241.91
2014_1_22_3_54_47 241.50 242.30 241.90
