2014_1_21_10_54_25 242.40 243.20 242.80
2014_1_21_10_54_55 242.40 243.20 242.80
2014_1_21_10_55_26 242.40 243.20 242.80
2014_1_21_10_55_56 242.40 243.20 242.80
2014_1_21_10_56_27 242.36 243.16 242.76
2014_1_21_10_56_59 242.40 243.20 242.80
2014_1_21_10_57_30 242.40 243.20 242.80
2014_1_21_10_58_1 242.43 243.23 242.83
2014_1_21_10_58_33 242.36 243.16 242.76
2014_1_21_10_59_6 242.36 243.16 242.76
2014_1_21_10_59_39 242.36 243.16 242.76
2014_1_21_11_0_12 242.42 243.22 242.82
2014_1_21_11_0_45 242.44 243.24 242.84
2014_1_21_11_1_18 242.44 243.24 242.84
2014_1_21_11_1_51 242.44 243.24 242.84
2014_1_21_11_2_26 242.43 243.23 242.83
2014_1_21_11_3_0 242.43 243.23 242.83
2014_1_21_11_3_33 242.44 243.24 242.84
2014_1_21_11_4_9 242.48 243.28 242.88
2014_1_21_11_4_45 242.48 243.28 242.88
