2014_1_21_11_39_24 242.42 243.22 242.82
2014_1_21_11_40_3 242.41 243.21 242.81
2014_1_21_11_40_35 242.41 243.21 242.81
2014_1_21_11_41_10 242.41 243.21 242.81
2014_1_21_11_41_42 242.41 243.21 242.81
2014_1_21_11_42_15 242.41 243.21 242.81
2014_1_21_11_42_48 242.41 243.21 242.81
2014_1_21_11_43_21 242.41 243.21 242.81
2014_1_21_11_43_57 242.41 243.21 242.81
2014_1_21_11_44_35 242.43 243.23 242.83
2014_1_21_11_45_8 242.42 243.22 242.82
2014_1_21_11_45_39 242.46 243.26 242.86
2014_1_21_11_46_20 242.46 243.26 242.86
2014_1_21_11_46_52 242.46 243.26 242.86
2014_1_21_11_47_30 242.43 243.23 242.83
2014_1_21_11_48_9 242.39 243.19 242.79
2014_1_21_11_48_45 242.39 243.19 242.79
2014_1_21_11_49_21 242.39 243.19 242.79
2014_1_21_11_49_56 242.39 243.19 242.79
2014_1_21_11_50_30 242.39 243.19 242.79
