2014_1_22_9_7_31 241.18 241.98 241.58
2014_1_22_9_8_33 241.18 241.98 241.58
2014_1_22_9_9_35 241.17 241.97 241.57
2014_1_22_9_10_37 241.17 241.97 241.57
2014_1_22_9_11_39 241.16 241.96 241.56
2014_1_22_9_12_41 241.18 241.98 241.58
2014_1_22_9_13_44 241.18 241.98 241.58
2014_1_22_9_14_46 241.24 242.04 241.64
2014_1_22_9_15_48 241.24 242.04 241.64
2014_1_22_9_16_50 241.25 242.05 241.65
2014_1_22_9_17_52 241.20 242.00 241.60
2014_1_22_9_18_53 241.20 242.00 241.60
2014_1_22_9_20_0 241.03 241.83 241.43
2014_1_22_9_21_2 241.03 241.83 241.43
2014_1_22_9_22_5 241.07 241.87 241.47
2014_1_22_9_23_7 241.08 241.88 241.48
2014_1_22_9_24_10 241.09 241.89 241.49
2014_1_22_9_25_13 241.09 241.89 241.49
2014_1_22_9_26_16 241.13 241.93 241.53
2014_1_22_9_27_19 241.19 241.99 241.59
