2014_1_21_20_57_2 241.74 242.54 242.14
2014_1_21_20_58_4 241.74 242.54 242.14
2014_1_21_20_59_6 241.74 242.54 242.14
2014_1_21_21_0_8 241.74 242.54 242.14
2014_1_21_21_1_10 241.74 242.54 242.14
2014_1_21_21_2_11 241.69 242.49 242.09
2014_1_21_21_3_13 241.69 242.49 242.09
2014_1_21_21_4_15 241.70 242.50 242.10
2014_1_21_21_5_18 241.70 242.50 242.10
2014_1_21_21_6_41 241.64 242.44 242.04
2014_1_21_21_7_46 241.64 242.44 242.04
2014_1_21_21_8_49 241.56 242.36 241.96
2014_1_21_21_9_51 241.65 242.45 242.05
2014_1_21_21_11_4 241.57 242.37 241.97
2014_1_21_21_12_7 241.57 242.37 241.97
2014_1_21_21_13_10 241.22 242.02 241.62
2014_1_21_21_14_12 241.15 241.95 241.55
2014_1_21_21_15_15 241.26 242.06 241.66
2014_1_21_21_16_17 241.15 241.95 241.55
2014_1_21_21_17_22 241.04 241.84 241.44
