2014_1_22_1_51_32 241.06 241.86 241.46
2014_1_22_1_52_35 241.05 241.85 241.45
2014_1_22_1_53_36 241.05 241.85 241.45
2014_1_22_1_54_38 241.05 241.85 241.45
2014_1_22_1_55_40 241.09 241.89 241.49
2014_1_22_1_56_41 241.09 241.89 241.49
2014_1_22_1_57_44 241.20 242.00 241.60
2014_1_22_1_58_46 241.21 242.01 241.61
2014_1_22_1_59_48 241.22 242.02 241.62
2014_1_22_2_0_51 241.25 242.05 241.65
2014_1_22_2_1_53 241.24 242.04 241.64
2014_1_22_2_2_55 241.24 242.04 241.64
2014_1_22_2_3_57 241.25 242.05 241.65
2014_1_22_2_4_59 241.27 242.07 241.67
2014_1_22_2_6_1 241.31 242.11 241.71
2014_1_22_2_7_3 241.30 242.10 241.70
2014_1_22_2_8_5 241.29 242.09 241.69
2014_1_22_2_9_7 241.24 242.04 241.64
2014_1_22_2_10_9 241.24 242.04 241.64
2014_1_22_2_11_11 241.25 242.05 241.65
