2014_1_21_20_15_11 241.88 242.68 242.28
2014_1_21_20_16_19 241.88 242.68 242.28
2014_1_21_20_17_21 241.69 242.49 242.09
2014_1_21_20_18_24 241.74 242.54 242.14
2014_1_21_20_19_25 241.74 242.54 242.14
2014_1_21_20_20_26 241.45 242.25 241.85
2014_1_21_20_21_28 241.45 242.25 241.85
2014_1_21_20_22_31 241.62 242.42 242.02
2014_1_21_20_23_33 241.63 242.43 242.03
2014_1_21_20_24_35 241.63 242.43 242.03
2014_1_21_20_25_40 241.64 242.44 242.04
2014_1_21_20_26_43 241.63 242.43 242.03
2014_1_21_20_27_49 241.70 242.50 242.10
2014_1_21_20_28_53 241.73 242.53 242.13
2014_1_21_20_29_55 241.69 242.49 242.09
2014_1_21_20_30_57 241.69 242.49 242.09
2014_1_21_20_32_1 241.71 242.51 242.11
2014_1_21_20_33_4 241.72 242.52 242.12
2014_1_21_20_34_6 241.68 242.48 242.08
2014_1_21_20_35_9 241.65 242.45 242.05
