2014_1_22_11_56_33 241.47 242.27 241.87
2014_1_22_11_57_35 241.47 242.27 241.87
2014_1_22_11_58_38 241.49 242.29 241.89
2014_1_22_11_59_41 241.49 242.29 241.89
2014_1_22_12_0_44 241.49 242.29 241.89
2014_1_22_12_1_47 241.52 242.32 241.92
2014_1_22_12_2_50 241.52 242.32 241.92
2014_1_22_12_3_52 241.49 242.29 241.89
2014_1_22_12_4_54 241.48 242.28 241.88
2014_1_22_12_5_59 241.47 242.27 241.87
2014_1_22_12_7_1 241.49 242.29 241.89
2014_1_22_12_8_3 241.49 242.29 241.89
2014_1_22_12_9_5 241.50 242.30 241.90
2014_1_22_12_10_11 241.49 242.29 241.89
2014_1_22_12_11_13 241.49 242.29 241.89
2014_1_22_12_12_20 241.46 242.26 241.86
2014_1_22_12_13_22 241.46 242.26 241.86
2014_1_22_12_14_25 241.45 242.25 241.85
2014_1_22_12_15_30 241.40 242.20 241.80
2014_1_22_12_16_36 241.38 242.18 241.78
