2014_1_22_16_16_41 241.01 241.81 241.41
2014_1_22_16_17_54 240.99 241.79 241.39
2014_1_22_16_19_1 241.04 241.84 241.44
2014_1_22_16_20_3 241.06 241.86 241.46
2014_1_22_16_21_17 241.06 241.86 241.46
2014_1_22_16_22_20 241.05 241.85 241.45
2014_1_22_16_23_22 240.99 241.79 241.39
2014_1_22_16_24_24 240.99 241.79 241.39
2014_1_22_16_25_27 240.99 241.79 241.39
2014_1_22_16_26_31 241.00 241.80 241.40
2014_1_22_16_27_34 241.04 241.84 241.44
2014_1_22_16_28_37 241.04 241.84 241.44
2014_1_22_16_29_41 241.05 241.85 241.45
2014_1_22_16_30_49 241.13 241.93 241.53
2014_1_22_16_31_52 241.06 241.86 241.46
2014_1_22_16_32_53 240.99 241.79 241.39
2014_1_22_16_33_56 240.90 241.70 241.30
2014_1_22_16_34_58 240.90 241.70 241.30
2014_1_22_16_36_1 240.81 241.61 241.21
2014_1_22_16_37_6 240.82 241.62 241.22
