2014_1_22_6_21_25 241.10 241.90 241.50
2014_1_22_6_22_27 241.10 241.90 241.50
2014_1_22_6_23_28 241.10 241.90 241.50
2014_1_22_6_24_30 241.10 241.90 241.50
2014_1_22_6_25_33 241.10 241.90 241.50
2014_1_22_6_26_36 241.10 241.90 241.50
2014_1_22_6_27_38 241.10 241.90 241.50
2014_1_22_6_28_41 241.10 241.90 241.50
2014_1_22_6_29_43 241.10 241.90 241.50
2014_1_22_6_30_45 241.10 241.90 241.50
2014_1_22_6_31_47 241.10 241.90 241.50
2014_1_22_6_32_49 241.10 241.90 241.50
2014_1_22_6_33_51 241.10 241.90 241.50
2014_1_22_6_34_53 241.10 241.90 241.50
2014_1_22_6_35_56 241.10 241.90 241.50
2014_1_22_6_36_59 241.10 241.90 241.50
2014_1_22_6_38_3 241.10 241.90 241.50
2014_1_22_6_39_6 241.10 241.90 241.50
2014_1_22_6_40_8 241.10 241.90 241.50
2014_1_22_6_41_10 241.10 241.90 241.50
