2014_1_22_6_42_12 241.10 241.90 241.50
2014_1_22_6_43_13 241.10 241.90 241.50
2014_1_22_6_44_15 241.10 241.90 241.50
2014_1_22_6_45_17 241.10 241.90 241.50
2014_1_22_6_46_19 241.10 241.90 241.50
2014_1_22_6_47_21 241.10 241.90 241.50
2014_1_22_6_48_22 241.10 241.90 241.50
2014_1_22_6_49_26 241.10 241.90 241.50
2014_1_22_6_50_28 241.10 241.90 241.50
2014_1_22_6_51_30 241.10 241.90 241.50
2014_1_22_6_52_32 241.10 241.90 241.50
2014_1_22_6_53_33 241.10 241.90 241.50
2014_1_22_6_54_35 241.10 241.90 241.50
2014_1_22_6_55_36 241.10 241.90 241.50
2014_1_22_6_56_38 241.10 241.90 241.50
2014_1_22_6_57_40 241.10 241.90 241.50
2014_1_22_6_58_42 241.10 241.90 241.50
2014_1_22_6_59_44 241.10 241.90 241.50
2014_1_22_7_0_46 241.10 241.90 241.50
2014_1_22_7_1_49 241.20 242.00 241.60
