2014_1_22_14_23_58 240.92 241.72 241.32
2014_1_22_14_25_10 240.92 241.72 241.32
2014_1_22_14_26_16 240.93 241.73 241.33
2014_1_22_14_27_19 240.95 241.75 241.35
2014_1_22_14_28_22 240.95 241.75 241.35
2014_1_22_14_29_24 240.90 241.70 241.30
2014_1_22_14_30_26 240.94 241.74 241.34
2014_1_22_14_31_29 240.96 241.76 241.36
2014_1_22_14_32_32 240.96 241.76 241.36
2014_1_22_14_33_33 240.83 241.63 241.23
2014_1_22_14_34_35 240.83 241.63 241.23
2014_1_22_14_35_38 240.82 241.62 241.22
2014_1_22_14_36_41 240.77 241.57 241.17
2014_1_22_14_37_44 240.81 241.61 241.21
2014_1_22_14_38_48 240.81 241.61 241.21
2014_1_22_14_39_52 240.76 241.56 241.16
2014_1_22_14_40_55 240.73 241.53 241.13
2014_1_22_14_41_57 240.73 241.53 241.13
2014_1_22_14_42_59 240.71 241.51 241.11
2014_1_22_14_44_3 240.76 241.56 241.16
