2014_1_22_0_27_4 241.05 241.85 241.45
2014_1_22_0_28_7 240.98 241.78 241.38
2014_1_22_0_29_9 240.98 241.78 241.38
2014_1_22_0_30_14 240.91 241.71 241.31
2014_1_22_0_31_15 240.98 241.78 241.38
2014_1_22_0_32_17 240.98 241.78 241.38
2014_1_22_0_33_19 241.03 241.83 241.43
2014_1_22_0_34_21 241.08 241.88 241.48
2014_1_22_0_35_24 241.08 241.88 241.48
2014_1_22_0_36_27 240.99 241.79 241.39
2014_1_22_0_37_30 240.99 241.79 241.39
2014_1_22_0_38_32 240.99 241.79 241.39
2014_1_22_0_39_34 240.97 241.77 241.37
2014_1_22_0_40_36 240.97 241.77 241.37
2014_1_22_0_41_39 241.05 241.85 241.45
2014_1_22_0_42_42 241.05 241.85 241.45
2014_1_22_0_43_45 241.09 241.89 241.49
2014_1_22_0_44_47 241.09 241.89 241.49
2014_1_22_0_45_49 241.09 241.89 241.49
2014_1_22_0_46_51 241.09 241.89 241.49
