2014_1_22_9_28_21 241.19 241.99 241.59
2014_1_22_9_29_23 241.15 241.95 241.55
2014_1_22_9_30_25 241.15 241.95 241.55
2014_1_22_9_31_30 241.13 241.93 241.53
2014_1_22_9_32_33 241.13 241.93 241.53
2014_1_22_9_33_36 241.13 241.93 241.53
2014_1_22_9_34_38 241.12 241.92 241.52
2014_1_22_9_35_40 241.13 241.93 241.53
2014_1_22_9_36_42 241.16 241.96 241.56
2014_1_22_9_37_44 241.16 241.96 241.56
2014_1_22_9_38_46 241.20 242.00 241.60
2014_1_22_9_39_48 241.19 241.99 241.59
2014_1_22_9_40_51 241.18 241.98 241.58
2014_1_22_9_41_54 241.18 241.98 241.58
2014_1_22_9_42_56 241.18 241.98 241.58
2014_1_22_9_43_58 241.18 241.98 241.58
2014_1_22_9_45_0 241.23 242.03 241.63
2014_1_22_9_46_2 241.23 242.03 241.63
2014_1_22_9_47_5 241.19 241.99 241.59
2014_1_22_9_48_8 241.19 241.99 241.59
