2014_1_22_11_35_40 241.39 242.19 241.79
2014_1_22_11_36_43 241.43 242.23 241.83
2014_1_22_11_37_46 241.43 242.23 241.83
2014_1_22_11_38_48 241.45 242.25 241.85
2014_1_22_11_39_50 241.45 242.25 241.85
2014_1_22_11_40_53 241.45 242.25 241.85
2014_1_22_11_41_55 241.45 242.25 241.85
2014_1_22_11_42_58 241.47 242.27 241.87
2014_1_22_11_44_0 241.47 242.27 241.87
2014_1_22_11_45_2 241.48 242.28 241.88
2014_1_22_11_46_4 241.47 242.27 241.87
2014_1_22_11_47_8 241.49 242.29 241.89
2014_1_22_11_48_10 241.49 242.29 241.89
2014_1_22_11_49_12 241.46 242.26 241.86
2014_1_22_11_50_14 241.54 242.34 241.94
2014_1_22_11_51_18 241.54 242.34 241.94
2014_1_22_11_52_21 241.52 242.32 241.92
2014_1_22_11_53_24 241.50 242.30 241.90
2014_1_22_11_54_27 241.47 242.27 241.87
2014_1_22_11_55_30 241.46 242.26 241.86
