2014_1_21_20_36_11 241.65 242.45 242.05
2014_1_21_20_37_13 241.77 242.57 242.17
2014_1_21_20_38_15 241.76 242.56 242.16
2014_1_21_20_39_17 241.83 242.63 242.23
2014_1_21_20_40_19 241.83 242.63 242.23
2014_1_21_20_41_21 241.84 242.64 242.24
2014_1_21_20_42_26 241.73 242.53 242.13
2014_1_21_20_43_28 241.73 242.53 242.13
2014_1_21_20_44_30 241.74 242.54 242.14
2014_1_21_20_45_32 241.75 242.55 242.15
2014_1_21_20_46_36 241.78 242.58 242.18
2014_1_21_20_47_41 241.74 242.54 242.14
2014_1_21_20_48_43 241.74 242.54 242.14
2014_1_21_20_49_45 241.68 242.48 242.08
2014_1_21_20_50_47 241.68 242.48 242.08
2014_1_21_20_51_50 241.73 242.53 242.13
2014_1_21_20_52_52 241.80 242.60 242.20
2014_1_21_20_53_54 241.79 242.59 242.19
2014_1_21_20_54_57 241.79 242.59 242.19
2014_1_21_20_56_0 241.79 242.59 242.19
