2014_1_21_11_27_30 242.50 243.30 242.90
2014_1_21_11_28_6 242.50 243.30 242.90
2014_1_21_11_28_39 242.50 243.30 242.90
2014_1_21_11_29_13 242.46 243.26 242.86
2014_1_21_11_29_45 242.40 243.20 242.80
2014_1_21_11_30_20 242.40 243.20 242.80
2014_1_21_11_30_51 242.40 243.20 242.80
2014_1_21_11_31_29 242.40 243.20 242.80
2014_1_21_11_32_0 242.38 243.18 242.78
2014_1_21_11_32_48 242.38 243.18 242.78
2014_1_21_11_33_21 242.40 243.20 242.80
2014_1_21_11_33_57 242.38 243.18 242.78
2014_1_21_11_34_30 242.38 243.18 242.78
2014_1_21_11_35_4 242.38 243.18 242.78
2014_1_21_11_35_51 242.40 243.20 242.80
2014_1_21_11_36_28 242.40 243.20 242.80
2014_1_21_11_37_0 242.40 243.20 242.80
2014_1_21_11_37_33 242.48 243.28 242.88
2014_1_21_11_38_9 242.48 243.28 242.88
2014_1_21_11_38_48 242.48 243.28 242.88
