2014_1_22_3_14_27 241.21 242.01 241.61
2014_1_22_3_15_28 241.21 242.01 241.61
2014_1_22_3_16_30 241.26 242.06 241.66
2014_1_22_3_17_32 241.28 242.08 241.68
2014_1_22_3_18_34 241.27 242.07 241.67
2014_1_22_3_19_36 241.31 242.11 241.71
2014_1_22_3_20_38 241.29 242.09 241.69
2014_1_22_3_21_39 241.35 242.15 241.75
2014_1_22_3_22_41 241.36 242.16 241.76
2014_1_22_3_23_43 241.38 242.18 241.78
2014_1_22_3_24_46 241.33 242.13 241.73
2014_1_22_3_25_48 241.30 242.10 241.70
2014_1_22_3_26_50 241.33 242.13 241.73
2014_1_22_3_27_52 241.33 242.13 241.73
2014_1_22_3_28_54 241.33 242.13 241.73
2014_1_22_3_29_56 241.33 242.13 241.73
2014_1_22_3_30_57 241.37 242.17 241.77
2014_1_22_3_31_59 241.37 242.17 241.77
2014_1_22_3_33_1 241.41 242.21 241.81
2014_1_22_3_34_3 241.41 242.21 241.81
