2014_1_21_21_39_16 240.56 241.36 240.96
2014_1_21_21_40_19 240.52 241.32 240.92
2014_1_21_21_41_22 240.54 241.34 240.94
2014_1_21_21_42_28 240.49 241.29 240.89
2014_1_21_21_43_31 240.49 241.29 240.89
2014_1_21_21_44_33 240.44 241.24 240.84
2014_1_21_21_45_35 240.54 241.34 240.94
2014_1_21_21_46_39 240.50 241.30 240.90
2014_1_21_21_47_41 240.56 241.36 240.96
2014_1_21_21_48_43 240.55 241.35 240.95
2014_1_21_21_49_45 240.62 241.42 241.02
2014_1_21_21_50_46 240.67 241.47 241.07
2014_1_21_21_51_49 240.55 241.35 240.95
2014_1_21_21_52_52 240.60 241.40 241.00
2014_1_21_21_53_54 240.54 241.34 240.94
2014_1_21_21_54_56 240.55 241.35 240.95
2014_1_21_21_55_59 240.54 241.34 240.94
2014_1_21_21_57_2 240.60 241.40 241.00
2014_1_21_21_58_5 240.61 241.41 241.01
2014_1_21_21_59_6 240.65 241.45 241.05
