2014_1_22_7_23_37 241.21 242.01 241.61
2014_1_22_7_24_39 241.27 242.07 241.67
2014_1_22_7_25_40 241.27 242.07 241.67
2014_1_22_7_26_42 241.32 242.12 241.72
2014_1_22_7_27_44 241.33 242.13 241.73
2014_1_22_7_28_46 241.33 242.13 241.73
2014_1_22_7_29_48 241.30 242.10 241.70
2014_1_22_7_30_50 241.32 242.12 241.72
2014_1_22_7_31_52 241.32 242.12 241.72
2014_1_22_7_32_54 241.32 242.12 241.72
2014_1_22_7_33_57 241.31 242.11 241.71
2014_1_22_7_35_0 241.30 242.10 241.70
2014_1_22_7_36_2 241.30 242.10 241.70
2014_1_22_7_37_5 241.28 242.08 241.68
2014_1_22_7_38_7 241.27 242.07 241.67
2014_1_22_7_39_9 241.27 242.07 241.67
2014_1_22_7_40_11 241.27 242.07 241.67
2014_1_22_7_41_13 241.27 242.07 241.67
2014_1_22_7_42_15 241.27 242.07 241.67
2014_1_22_7_43_17 241.32 242.12 241.72
