2014_1_22_3_55_56 241.45 242.25 241.85
2014_1_22_3_56_58 241.42 242.22 241.82
2014_1_22_3_57_59 241.39 242.19 241.79
2014_1_22_3_59_1 241.37 242.17 241.77
2014_1_22_4_0_3 241.37 242.17 241.77
2014_1_22_4_1_5 241.39 242.19 241.79
2014_1_22_4_2_25 241.41 242.21 241.81
2014_1_22_4_3_27 241.41 242.21 241.81
2014_1_22_4_4_29 241.41 242.21 241.81
2014_1_22_4_5_31 241.41 242.21 241.81
2014_1_22_4_6_33 241.34 242.14 241.74
2014_1_22_4_7_35 241.29 242.09 241.69
2014_1_22_4_8_38 241.29 242.09 241.69
2014_1_22_4_9_41 241.34 242.14 241.74
2014_1_22_4_10_43 241.33 242.13 241.73
2014_1_22_4_11_45 241.27 242.07 241.67
2014_1_22_4_12_48 241.26 242.06 241.66
2014_1_22_4_13_50 241.24 242.04 241.64
2014_1_22_4_14_52 241.24 242.04 241.64
2014_1_22_4_15_54 241.27 242.07 241.67
