2014_1_22_4_16_56 241.30 242.10 241.70
2014_1_22_4_17_58 241.28 242.08 241.68
2014_1_22_4_19_1 241.28 242.08 241.68
2014_1_22_4_20_4 241.27 242.07 241.67
2014_1_22_4_21_6 241.27 242.07 241.67
2014_1_22_4_22_9 241.31 242.11 241.71
2014_1_22_4_23_11 241.30 242.10 241.70
2014_1_22_4_24_13 241.26 242.06 241.66
2014_1_22_4_25_16 241.25 242.05 241.65
2014_1_22_4_26_19 241.26 242.06 241.66
2014_1_22_4_27_22 241.30 242.10 241.70
2014_1_22_4_28_25 241.34 242.14 241.74
2014_1_22_4_29_27 241.35 242.15 241.75
2014_1_22_4_30_28 241.35 242.15 241.75
2014_1_22_4_31_30 241.31 242.11 241.71
2014_1_22_4_32_32 241.29 242.09 241.69
2014_1_22_4_33_34 241.23 242.03 241.63
2014_1_22_4_34_36 241.25 242.05 241.65
2014_1_22_4_35_38 241.29 242.09 241.69
2014_1_22_4_36_39 241.33 242.13 241.73
