2014_1_22_5_19_9 241.10 241.90 241.50
2014_1_22_5_20_11 241.13 241.93 241.53
2014_1_22_5_21_13 241.11 241.91 241.51
2014_1_22_5_22_16 241.10 241.90 241.50
2014_1_22_5_23_25 241.15 241.95 241.55
2014_1_22_5_24_28 241.14 241.94 241.54
2014_1_22_5_25_30 241.15 241.95 241.55
2014_1_22_5_26_32 241.16 241.96 241.56
2014_1_22_5_27_36 241.20 242.00 241.60
2014_1_22_5_28_39 241.21 242.01 241.61
2014_1_22_5_29_41 241.20 242.00 241.60
2014_1_22_5_30_43 241.19 241.99 241.59
2014_1_22_5_31_45 241.18 241.98 241.58
2014_1_22_5_32_48 241.19 241.99 241.59
2014_1_22_5_33_51 241.20 242.00 241.60
2014_1_22_5_34_54 241.19 241.99 241.59
2014_1_22_5_35_56 241.19 241.99 241.59
2014_1_22_5_36_57 241.20 242.00 241.60
2014_1_22_5_37_59 241.20 242.00 241.60
2014_1_22_5_39_1 241.19 241.99 241.59
