2014_1_22_8_46_44 241.45 242.25 241.85
2014_1_22_8_47_47 241.40 242.20 241.80
2014_1_22_8_48_48 241.37 242.17 241.77
2014_1_22_8_49_50 241.39 242.19 241.79
2014_1_22_8_50_52 241.41 242.21 241.81
2014_1_22_8_51_53 241.41 242.21 241.81
2014_1_22_8_52_55 241.37 242.17 241.77
2014_1_22_8_53_58 241.40 242.20 241.80
2014_1_22_8_55_1 241.42 242.22 241.82
2014_1_22_8_56_4 241.48 242.28 241.88
2014_1_22_8_57_6 241.48 242.28 241.88
2014_1_22_8_58_8 241.46 242.26 241.86
2014_1_22_8_59_11 241.46 242.26 241.86
2014_1_22_9_0_13 241.50 242.30 241.90
2014_1_22_9_1_16 241.44 242.24 241.84
2014_1_22_9_2_19 241.40 242.20 241.80
2014_1_22_9_3_21 241.32 242.12 241.72
2014_1_22_9_4_23 241.32 242.12 241.72
2014_1_22_9_5_26 241.24 242.04 241.64
2014_1_22_9_6_29 241.17 241.97 241.57
