2014_1_21_23_23_47 240.97 241.77 241.37
2014_1_21_23_24_50 241.00 241.80 241.40
2014_1_21_23_25_52 241.01 241.81 241.41
2014_1_21_23_26_54 240.92 241.72 241.32
2014_1_21_23_27_55 240.92 241.72 241.32
2014_1_21_23_28_57 240.96 241.76 241.36
2014_1_21_23_30_0 240.94 241.74 241.34
2014_1_21_23_31_3 240.94 241.74 241.34
2014_1_21_23_32_6 240.92 241.72 241.32
2014_1_21_23_33_8 240.92 241.72 241.32
2014_1_21_23_34_11 240.90 241.70 241.30
2014_1_21_23_35_13 240.90 241.70 241.30
2014_1_21_23_36_15 240.91 241.71 241.31
2014_1_21_23_37_17 240.91 241.71 241.31
2014_1_21_23_38_19 240.95 241.75 241.35
2014_1_21_23_39_21 241.21 242.01 241.61
2014_1_21_23_40_22 241.21 242.01 241.61
2014_1_21_23_41_24 241.06 241.86 241.46
2014_1_21_23_42_26 241.00 241.80 241.40
2014_1_21_23_43_29 241.00 241.80 241.40
