2014_1_21_11_16_23 242.46 243.26 242.86
2014_1_21_11_16_54 242.46 243.26 242.86
2014_1_21_11_17_29 242.46 243.26 242.86
2014_1_21_11_18_2 242.43 243.23 242.83
2014_1_21_11_18_33 242.43 243.23 242.83
2014_1_21_11_19_6 242.43 243.23 242.83
2014_1_21_11_19_42 242.43 243.23 242.83
2014_1_21_11_20_17 242.36 243.16 242.76
2014_1_21_11_20_53 242.38 243.18 242.78
2014_1_21_11_21_24 242.42 243.22 242.82
2014_1_21_11_21_57 242.42 243.22 242.82
2014_1_21_11_22_29 242.42 243.22 242.82
2014_1_21_11_23_0 242.39 243.19 242.79
2014_1_21_11_23_32 242.39 243.19 242.79
2014_1_21_11_24_3 242.39 243.19 242.79
2014_1_21_11_24_39 242.37 243.17 242.77
2014_1_21_11_25_14 242.37 243.17 242.77
2014_1_21_11_25_45 242.38 243.18 242.78
2014_1_21_11_26_22 242.38 243.18 242.78
2014_1_21_11_26_54 242.38 243.18 242.78
