2014_1_21_22_20_59 240.36 241.16 240.76
2014_1_21_22_22_5 240.32 241.12 240.72
2014_1_21_22_23_7 240.30 241.10 240.70
2014_1_21_22_24_11 240.30 241.10 240.70
2014_1_21_22_25_15 240.21 241.01 240.61
2014_1_21_22_26_18 240.23 241.03 240.63
2014_1_21_22_27_21 240.23 241.03 240.63
2014_1_21_22_28_26 240.21 241.01 240.61
2014_1_21_22_29_29 240.30 241.10 240.70
2014_1_21_22_30_32 240.30 241.10 240.70
2014_1_21_22_31_34 240.40 241.20 240.80
2014_1_21_22_32_36 240.40 241.20 240.80
2014_1_21_22_33_38 240.43 241.23 240.83
2014_1_21_22_34_41 240.48 241.28 240.88
2014_1_21_22_35_44 240.48 241.28 240.88
2014_1_21_22_36_47 240.47 241.27 240.87
2014_1_21_22_37_49 240.58 241.38 240.98
2014_1_21_22_38_52 240.57 241.37 240.97
2014_1_21_22_39_55 240.62 241.42 241.02
2014_1_21_22_41_3 240.62 241.42 241.02
