2014_1_22_4_58_24 241.16 241.96 241.56
2014_1_22_4_59_26 241.22 242.02 241.62
2014_1_22_5_0_28 241.22 242.02 241.62
2014_1_22_5_1_30 241.14 241.94 241.54
2014_1_22_5_2_32 241.14 241.94 241.54
2014_1_22_5_3_34 241.14 241.94 241.54
2014_1_22_5_4_36 241.17 241.97 241.57
2014_1_22_5_5_38 241.18 241.98 241.58
2014_1_22_5_6_40 241.18 241.98 241.58
2014_1_22_5_7_42 241.17 241.97 241.57
2014_1_22_5_8_45 241.19 241.99 241.59
2014_1_22_5_9_47 241.18 241.98 241.58
2014_1_22_5_10_48 241.18 241.98 241.58
2014_1_22_5_11_50 241.13 241.93 241.53
2014_1_22_5_12_52 241.13 241.93 241.53
2014_1_22_5_13_54 241.14 241.94 241.54
2014_1_22_5_14_57 241.12 241.92 241.52
2014_1_22_5_16_0 241.12 241.92 241.52
2014_1_22_5_17_3 241.10 241.90 241.50
2014_1_22_5_18_5 241.10 241.90 241.50
