2014_1_21_21_18_28 241.08 241.88 241.48
2014_1_21_21_19_31 241.10 241.90 241.50
2014_1_21_21_20_34 241.12 241.92 241.52
2014_1_21_21_21_36 241.12 241.92 241.52
2014_1_21_21_22_38 240.78 241.58 241.18
2014_1_21_21_23_39 240.68 241.48 241.08
2014_1_21_21_24_42 240.68 241.48 241.08
2014_1_21_21_25_44 240.37 241.17 240.77
2014_1_21_21_26_46 240.23 241.03 240.63
2014_1_21_21_27_48 240.38 241.18 240.78
2014_1_21_21_28_51 240.61 241.41 241.01
2014_1_21_21_29_54 240.64 241.44 241.04
2014_1_21_21_30_56 240.54 241.34 240.94
2014_1_21_21_31_58 240.57 241.37 240.97
2014_1_21_21_33_4 240.55 241.35 240.95
2014_1_21_21_34_6 240.51 241.31 240.91
2014_1_21_21_35_8 240.53 241.33 240.93
2014_1_21_21_36_10 240.53 241.33 240.93
2014_1_21_21_37_12 240.62 241.42 241.02
2014_1_21_21_38_15 240.66 241.46 241.06
