2014_1_22_4_37_41 241.36 242.16 241.76
2014_1_22_4_38_43 241.27 242.07 241.67
2014_1_22_4_39_46 241.27 242.07 241.67
2014_1_22_4_40_49 241.27 242.07 241.67
2014_1_22_4_41_51 241.28 242.08 241.68
2014_1_22_4_42_54 241.25 242.05 241.65
2014_1_22_4_43_57 241.17 241.97 241.57
2014_1_22_4_45_0 241.10 241.90 241.50
2014_1_22_4_46_1 241.02 241.82 241.42
2014_1_22_4_47_3 240.99 241.79 241.39
2014_1_22_4_48_5 241.04 241.84 241.44
2014_1_22_4_49_7 241.04 241.84 241.44
2014_1_22_4_50_9 241.07 241.87 241.47
2014_1_22_4_51_11 241.21 242.01 241.61
2014_1_22_4_52_13 241.18 241.98 241.58
2014_1_22_4_53_15 241.18 241.98 241.58
2014_1_22_4_54_17 241.16 241.96 241.56
2014_1_22_4_55_19 241.21 242.01 241.61
2014_1_22_4_56_21 241.20 242.00 241.60
2014_1_22_4_57_23 241.19 241.99 241.59
