2014_1_22_12_17_39 241.40 242.20 241.80
2014_1_22_12_18_42 241.42 242.22 241.82
2014_1_22_12_19_48 241.37 242.17 241.77
2014_1_22_12_20_51 241.38 242.18 241.78
2014_1_22_12_21_53 241.38 242.18 241.78
2014_1_22_12_22_56 241.39 242.19 241.79
2014_1_22_12_23_59 241.40 242.20 241.80
2014_1_22_12_25_2 241.40 242.20 241.80
2014_1_22_12_26_4 241.44 242.24 241.84
2014_1_22_12_27_6 241.45 242.25 241.85
2014_1_22_12_28_8 241.45 242.25 241.85
2014_1_22_12_29_10 241.43 242.23 241.83
2014_1_22_12_30_12 241.42 242.22 241.82
2014_1_22_12_31_14 241.42 242.22 241.82
2014_1_22_12_32_16 241.40 242.20 241.80
2014_1_22_12_33_19 241.40 242.20 241.80
2014_1_22_12_34_23 241.46 242.26 241.86
2014_1_22_12_35_26 241.49 242.29 241.89
2014_1_22_12_36_29 241.49 242.29 241.89
2014_1_22_12_37_31 241.47 242.27 241.87
