2014_1_22_6_0_43 241.09 241.89 241.49
2014_1_22_6_1_44 241.09 241.89 241.49
2014_1_22_6_2_46 241.10 241.90 241.50
2014_1_22_6_3_48 241.10 241.90 241.50
2014_1_22_6_4_50 241.10 241.90 241.50
2014_1_22_6_5_52 241.10 241.90 241.50
2014_1_22_6_6_55 241.10 241.90 241.50
2014_1_22_6_7_57 241.10 241.90 241.50
2014_1_22_6_8_59 241.10 241.90 241.50
2014_1_22_6_10_1 241.10 241.90 241.50
2014_1_22_6_11_3 241.10 241.90 241.50
2014_1_22_6_12_5 241.10 241.90 241.50
2014_1_22_6_13_8 241.10 241.90 241.50
2014_1_22_6_14_10 241.10 241.90 241.50
2014_1_22_6_15_12 241.10 241.90 241.50
2014_1_22_6_16_14 241.10 241.90 241.50
2014_1_22_6_17_17 241.10 241.90 241.50
2014_1_22_6_18_20 241.10 241.90 241.50
2014_1_22_6_19_21 241.10 241.90 241.50
2014_1_22_6_20_23 241.10 241.90 241.50
