2014_1_21_22_0_12 240.61 241.41 241.01
2014_1_21_22_1_15 240.60 241.40 241.00
2014_1_21_22_2_17 240.61 241.41 241.01
2014_1_21_22_3_19 240.60 241.40 241.00
2014_1_21_22_4_22 240.61 241.41 241.01
2014_1_21_22_5_25 240.56 241.36 240.96
2014_1_21_22_6_27 240.51 241.31 240.91
2014_1_21_22_7_29 240.50 241.30 240.90
2014_1_21_22_8_32 240.53 241.33 240.93
2014_1_21_22_9_35 240.55 241.35 240.95
2014_1_21_22_10_36 240.52 241.32 240.92
2014_1_21_22_11_40 240.52 241.32 240.92
2014_1_21_22_12_42 240.39 241.19 240.79
2014_1_21_22_13_44 240.43 241.23 240.83
2014_1_21_22_14_46 240.40 241.20 240.80
2014_1_21_22_15_48 240.31 241.11 240.71
2014_1_21_22_16_50 240.21 241.01 240.61
2014_1_21_22_17_52 240.21 241.01 240.61
2014_1_21_22_18_54 240.32 241.12 240.72
2014_1_21_22_19_56 240.38 241.18 240.78
