2014_1_22_16_38_8 240.84 241.64 241.24
2014_1_22_16_39_11 240.84 241.64 241.24
2014_1_22_16_40_15 240.80 241.60 241.20
2014_1_22_16_41_17 240.82 241.62 241.22
2014_1_22_16_42_20 240.90 241.70 241.30
2014_1_22_16_43_22 240.90 241.70 241.30
2014_1_22_16_44_24 240.90 241.70 241.30
2014_1_22_16_45_27 240.79 241.59 241.19
2014_1_22_16_46_33 240.82 241.62 241.22
2014_1_22_16_47_35 240.78 241.58 241.18
2014_1_22_16_48_38 240.80 241.60 241.20
2014_1_22_16_49_40 240.75 241.55 241.15
2014_1_22_16_50_43 240.75 241.55 241.15
2014_1_22_16_51_45 240.78 241.58 241.18
2014_1_22_16_52_47 240.78 241.58 241.18
2014_1_22_16_53_49 240.80 241.60 241.20
2014_1_22_16_54_50 240.80 241.60 241.20
2014_1_22_16_55_53 240.72 241.52 241.12
2014_1_22_16_56_57 240.69 241.49 241.09
2014_1_22_16_58_0 240.69 241.49 241.09
