2014_1_21_10_5_49 242.63 243.43 243.03
2014_1_21_10_6_52 242.72 243.52 243.12
2014_1_21_10_7_52 242.72 243.52 243.12
2014_1_21_10_8_53 242.66 243.46 243.06
2014_1_21_10_9_53 242.65 243.45 243.05
2014_1_21_10_10_55 242.65 243.45 243.05
2014_1_21_10_11_55 242.65 243.45 243.05
2014_1_21_10_12_55 242.65 243.45 243.05
2014_1_21_10_13_59 242.67 243.47 243.07
2014_1_21_10_14_59 242.69 243.49 243.09
2014_1_21_10_16_0 242.69 243.49 243.09
2014_1_21_10_17_1 242.71 243.51 243.11
2014_1_21_10_18_2 242.71 243.51 243.11
2014_1_21_10_19_2 242.68 243.48 243.08
2014_1_21_10_20_5 242.63 243.43 243.03
2014_1_21_10_21_5 242.63 243.43 243.03
2014_1_21_10_22_10 242.38 243.18 242.78
2014_1_21_10_23_10 242.38 243.18 242.78
2014_1_21_10_24_11 242.32 243.12 242.72
2014_1_21_10_25_12 242.24 243.04 242.64
