2014_1_22_15_27_26 240.92 241.72 241.32
2014_1_22_15_28_28 240.97 241.77 241.37
2014_1_22_15_29_32 240.96 241.76 241.36
2014_1_22_15_30_34 241.00 241.80 241.40
2014_1_22_15_31_36 240.97 241.77 241.37
2014_1_22_15_32_49 241.03 241.83 241.43
2014_1_22_15_33_52 241.04 241.84 241.44
2014_1_22_15_34_55 241.00 241.80 241.40
2014_1_22_15_35_58 241.02 241.82 241.42
2014_1_22_15_37_8 241.10 241.90 241.50
2014_1_22_15_38_32 241.13 241.93 241.53
2014_1_22_15_39_46 241.10 241.90 241.50
2014_1_22_15_40_49 241.08 241.88 241.48
2014_1_22_15_41_52 241.06 241.86 241.46
2014_1_22_15_42_55 241.06 241.86 241.46
2014_1_22_15_43_58 241.15 241.95 241.55
2014_1_22_15_45_4 241.16 241.96 241.56
2014_1_22_15_46_9 241.21 242.01 241.61
2014_1_22_15_47_18 241.21 242.01 241.61
2014_1_22_15_48_20 241.21 242.01 241.61
