2014_1_22_15_6_13 241.01 241.81 241.41
2014_1_22_15_7_15 241.01 241.81 241.41
2014_1_22_15_8_17 240.99 241.79 241.39
2014_1_22_15_9_19 240.99 241.79 241.39
2014_1_22_15_10_21 241.00 241.80 241.40
2014_1_22_15_11_23 241.00 241.80 241.40
2014_1_22_15_12_25 240.97 241.77 241.37
2014_1_22_15_13_29 240.98 241.78 241.38
2014_1_22_15_14_46 240.90 241.70 241.30
2014_1_22_15_15_49 240.90 241.70 241.30
2014_1_22_15_16_52 240.90 241.70 241.30
2014_1_22_15_17_54 240.92 241.72 241.32
2014_1_22_15_18_56 240.98 241.78 241.38
2014_1_22_15_19_59 240.94 241.74 241.34
2014_1_22_15_21_1 240.87 241.67 241.27
2014_1_22_15_22_4 240.85 241.65 241.25
2014_1_22_15_23_9 240.89 241.69 241.29
2014_1_22_15_24_12 240.89 241.69 241.29
2014_1_22_15_25_16 240.89 241.69 241.29
2014_1_22_15_26_24 240.88 241.68 241.28
