2014_1_22_2_12_13 241.25 242.05 241.65
2014_1_22_2_13_15 241.25 242.05 241.65
2014_1_22_2_14_17 241.25 242.05 241.65
2014_1_22_2_15_19 241.17 241.97 241.57
2014_1_22_2_16_22 241.14 241.94 241.54
2014_1_22_2_17_24 241.15 241.95 241.55
2014_1_22_2_18_26 241.18 241.98 241.58
2014_1_22_2_19_28 241.18 241.98 241.58
2014_1_22_2_20_30 241.10 241.90 241.50
2014_1_22_2_21_31 241.13 241.93 241.53
2014_1_22_2_22_34 241.21 242.01 241.61
2014_1_22_2_23_37 241.24 242.04 241.64
2014_1_22_2_24_39 241.28 242.08 241.68
2014_1_22_2_25_40 241.28 242.08 241.68
2014_1_22_2_26_42 241.17 241.97 241.57
2014_1_22_2_27_44 241.23 242.03 241.63
2014_1_22_2_28_46 241.23 242.03 241.63
2014_1_22_2_29_48 241.24 242.04 241.64
2014_1_22_2_30_50 241.29 242.09 241.69
2014_1_22_2_31_52 241.34 242.14 241.74
