2014_1_22_8_25_59 241.34 242.14 241.74
2014_1_22_8_27_2 241.38 242.18 241.78
2014_1_22_8_28_5 241.36 242.16 241.76
2014_1_22_8_29_8 241.43 242.23 241.83
2014_1_22_8_30_10 241.43 242.23 241.83
2014_1_22_8_31_12 241.41 242.21 241.81
2014_1_22_8_32_14 241.46 242.26 241.86
2014_1_22_8_33_17 241.46 242.26 241.86
2014_1_22_8_34_20 241.49 242.29 241.89
2014_1_22_8_35_22 241.49 242.29 241.89
2014_1_22_8_36_24 241.49 242.29 241.89
2014_1_22_8_37_26 241.51 242.31 241.91
2014_1_22_8_38_28 241.51 242.31 241.91
2014_1_22_8_39_30 241.45 242.25 241.85
2014_1_22_8_40_32 241.45 242.25 241.85
2014_1_22_8_41_34 241.42 242.22 241.82
2014_1_22_8_42_36 241.45 242.25 241.85
2014_1_22_8_43_37 241.45 242.25 241.85
2014_1_22_8_44_39 241.42 242.22 241.82
2014_1_22_8_45_41 241.45 242.25 241.85
