2014_1_22_1_8_40 241.41 242.21 241.81
2014_1_22_1_9_42 241.35 242.15 241.75
2014_1_22_1_10_47 241.31 242.11 241.71
2014_1_22_1_11_49 241.30 242.10 241.70
2014_1_22_1_12_52 241.26 242.06 241.66
2014_1_22_1_13_55 241.27 242.07 241.67
2014_1_22_1_14_56 241.29 242.09 241.69
2014_1_22_1_15_58 241.29 242.09 241.69
2014_1_22_1_17_0 241.32 242.12 241.72
2014_1_22_1_18_3 241.32 242.12 241.72
2014_1_22_1_19_4 241.30 242.10 241.70
2014_1_22_1_20_6 241.26 242.06 241.66
2014_1_22_1_21_8 241.26 242.06 241.66
2014_1_22_1_22_9 241.27 242.07 241.67
2014_1_22_1_23_11 241.27 242.07 241.67
2014_1_22_1_24_13 241.19 241.99 241.59
2014_1_22_1_25_14 241.21 242.01 241.61
2014_1_22_1_26_16 241.21 242.01 241.61
2014_1_22_1_27_19 241.24 242.04 241.64
2014_1_22_1_28_21 241.29 242.09 241.69
