2014_1_22_7_2_51 241.18 241.98 241.58
2014_1_22_7_3_54 241.19 241.99 241.59
2014_1_22_7_4_57 241.21 242.01 241.61
2014_1_22_7_5_58 241.26 242.06 241.66
2014_1_22_7_7_0 241.26 242.06 241.66
2014_1_22_7_8_2 241.28 242.08 241.68
2014_1_22_7_9_5 241.27 242.07 241.67
2014_1_22_7_10_7 241.27 242.07 241.67
2014_1_22_7_11_10 241.31 242.11 241.71
2014_1_22_7_12_12 241.31 242.11 241.71
2014_1_22_7_13_15 241.25 242.05 241.65
2014_1_22_7_14_17 241.23 242.03 241.63
2014_1_22_7_15_19 241.23 242.03 241.63
2014_1_22_7_16_21 241.17 241.97 241.57
2014_1_22_7_17_23 241.17 241.97 241.57
2014_1_22_7_18_25 241.20 242.00 241.60
2014_1_22_7_19_27 241.20 242.00 241.60
2014_1_22_7_20_30 241.22 242.02 241.62
2014_1_22_7_21_33 241.22 242.02 241.62
2014_1_22_7_22_36 241.21 242.01 241.61
