2014_1_22_5_40_2 241.16 241.96 241.56
2014_1_22_5_41_4 241.15 241.95 241.55
2014_1_22_5_42_6 241.15 241.95 241.55
2014_1_22_5_43_7 241.15 241.95 241.55
2014_1_22_5_44_9 241.11 241.91 241.51
2014_1_22_5_45_11 241.11 241.91 241.51
2014_1_22_5_46_14 241.11 241.91 241.51
2014_1_22_5_47_15 241.11 241.91 241.51
2014_1_22_5_48_18 241.11 241.91 241.51
2014_1_22_5_49_20 241.11 241.91 241.51
2014_1_22_5_50_21 241.11 241.91 241.51
2014_1_22_5_51_23 241.11 241.91 241.51
2014_1_22_5_52_25 241.10 241.90 241.50
2014_1_22_5_53_27 241.10 241.90 241.50
2014_1_22_5_54_29 241.09 241.89 241.49
2014_1_22_5_55_32 241.06 241.86 241.46
2014_1_22_5_56_35 241.08 241.88 241.48
2014_1_22_5_57_38 241.08 241.88 241.48
2014_1_22_5_58_39 241.08 241.88 241.48
2014_1_22_5_59_41 241.08 241.88 241.48
