2014_1_22_9_49_11 241.15 241.95 241.55
2014_1_22_9_50_13 241.15 241.95 241.55
2014_1_22_9_51_16 241.22 242.02 241.62
2014_1_22_9_52_18 241.24 242.04 241.64
2014_1_22_9_53_20 241.24 242.04 241.64
2014_1_22_9_54_22 241.24 242.04 241.64
2014_1_22_9_55_25 241.25 242.05 241.65
2014_1_22_9_56_27 241.25 242.05 241.65
2014_1_22_9_57_29 241.24 242.04 241.64
2014_1_22_9_58_31 241.24 242.04 241.64
2014_1_22_9_59_33 241.29 242.09 241.69
2014_1_22_10_0_35 241.28 242.08 241.68
2014_1_22_10_1_37 241.28 242.08 241.68
2014_1_22_10_2_39 241.36 242.16 241.76
2014_1_22_10_3_42 241.36 242.16 241.76
2014_1_22_10_4_45 241.29 242.09 241.69
2014_1_22_10_5_47 241.33 242.13 241.73
2014_1_22_10_6_49 241.34 242.14 241.74
2014_1_22_10_7_52 241.37 242.17 241.77
2014_1_22_10_8_55 241.38 242.18 241.78
