2014_1_22_14_45_5 240.76 241.56 241.16
2014_1_22_14_46_8 240.79 241.59 241.19
2014_1_22_14_47_10 240.81 241.61 241.21
2014_1_22_14_48_12 240.81 241.61 241.21
2014_1_22_14_49_15 240.84 241.64 241.24
2014_1_22_14_50_17 240.84 241.64 241.24
2014_1_22_14_51_19 240.81 241.61 241.21
2014_1_22_14_52_22 240.72 241.52 241.12
2014_1_22_14_53_25 240.72 241.52 241.12
2014_1_22_14_54_27 240.79 241.59 241.19
2014_1_22_14_55_29 240.79 241.59 241.19
2014_1_22_14_56_51 240.77 241.57 241.17
2014_1_22_14_57_54 240.83 241.63 241.23
2014_1_22_14_58_57 240.85 241.65 241.25
2014_1_22_15_0_0 240.96 241.76 241.36
2014_1_22_15_1_3 240.98 241.78 241.38
2014_1_22_15_2_5 240.98 241.78 241.38
2014_1_22_15_3_7 240.96 241.76 241.36
2014_1_22_15_4_9 240.96 241.76 241.36
2014_1_22_15_5_11 240.98 241.78 241.38
