2014_1_22_2_53_38 241.31 242.11 241.71
2014_1_22_2_54_40 241.31 242.11 241.71
2014_1_22_2_55_44 241.31 242.11 241.71
2014_1_22_2_56_46 241.27 242.07 241.67
2014_1_22_2_57_49 241.27 242.07 241.67
2014_1_22_2_58_52 241.27 242.07 241.67
2014_1_22_2_59_53 241.27 242.07 241.67
2014_1_22_3_0_55 241.27 242.07 241.67
2014_1_22_3_1_58 241.27 242.07 241.67
2014_1_22_3_3_1 241.29 242.09 241.69
2014_1_22_3_4_2 241.29 242.09 241.69
2014_1_22_3_5_4 241.29 242.09 241.69
2014_1_22_3_6_7 241.26 242.06 241.66
2014_1_22_3_7_10 241.26 242.06 241.66
2014_1_22_3_8_13 241.24 242.04 241.64
2014_1_22_3_9_16 241.25 242.05 241.65
2014_1_22_3_10_18 241.24 242.04 241.64
2014_1_22_3_11_20 241.26 242.06 241.66
2014_1_22_3_12_22 241.24 242.04 241.64
2014_1_22_3_13_25 241.24 242.04 241.64
