2014_1_22_14_3_7 241.30 242.10 241.70
2014_1_22_14_4_10 241.29 242.09 241.69
2014_1_22_14_5_12 241.26 242.06 241.66
2014_1_22_14_6_16 241.25 242.05 241.65
2014_1_22_14_7_18 241.24 242.04 241.64
2014_1_22_14_8_22 241.21 242.01 241.61
2014_1_22_14_9_24 241.21 242.01 241.61
2014_1_22_14_10_27 241.18 241.98 241.58
2014_1_22_14_11_29 240.92 241.72 241.32
2014_1_22_14_12_31 240.79 241.59 241.19
2014_1_22_14_13_32 240.79 241.59 241.19
2014_1_22_14_14_35 240.89 241.69 241.29
2014_1_22_14_15_37 240.97 241.77 241.37
2014_1_22_14_16_40 240.97 241.77 241.37
2014_1_22_14_17_42 240.94 241.74 241.34
2014_1_22_14_18_45 241.00 241.80 241.40
2014_1_22_14_19_47 240.96 241.76 241.36
2014_1_22_14_20_50 240.92 241.72 241.32
2014_1_22_14_21_53 240.92 241.72 241.32
2014_1_22_14_22_56 240.88 241.68 241.28
