2014_1_22_10_52_54 241.22 242.02 241.62
2014_1_22_10_53_56 241.22 242.02 241.62
2014_1_22_10_55_0 241.23 242.03 241.63
2014_1_22_10_56_2 241.27 242.07 241.67
2014_1_22_10_57_5 241.29 242.09 241.69
2014_1_22_10_58_7 241.23 242.03 241.63
2014_1_22_10_59_9 241.21 242.01 241.61
2014_1_22_11_0_11 241.20 242.00 241.60
2014_1_22_11_1_14 241.24 242.04 241.64
2014_1_22_11_3_9 241.30 242.10 241.70
2014_1_22_11_4_11 241.32 242.12 241.72
2014_1_22_11_5_14 241.32 242.12 241.72
2014_1_22_11_6_17 241.30 242.10 241.70
2014_1_22_11_7_20 241.30 242.10 241.70
2014_1_22_11_8_23 241.34 242.14 241.74
2014_1_22_11_9_26 241.33 242.13 241.73
2014_1_22_11_10_29 241.33 242.13 241.73
2014_1_22_11_11_32 241.32 242.12 241.72
2014_1_22_11_12_38 241.32 242.12 241.72
2014_1_22_11_13_41 241.31 242.11 241.71
