2014_1_22_11_14_43 241.28 242.08 241.68
2014_1_22_11_15_45 241.28 242.08 241.68
2014_1_22_11_16_47 241.28 242.08 241.68
2014_1_22_11_17_51 241.29 242.09 241.69
2014_1_22_11_18_53 241.29 242.09 241.69
2014_1_22_11_19_56 241.28 242.08 241.68
2014_1_22_11_21_0 241.29 242.09 241.69
2014_1_22_11_22_3 241.28 242.08 241.68
2014_1_22_11_23_5 241.28 242.08 241.68
2014_1_22_11_24_8 241.26 242.06 241.66
2014_1_22_11_25_12 241.27 242.07 241.67
2014_1_22_11_26_14 241.33 242.13 241.73
2014_1_22_11_27_18 241.40 242.20 241.80
2014_1_22_11_28_20 241.40 242.20 241.80
2014_1_22_11_29_23 241.44 242.24 241.84
2014_1_22_11_30_26 241.38 242.18 241.78
2014_1_22_11_31_29 241.41 242.21 241.81
2014_1_22_11_32_32 241.41 242.21 241.81
2014_1_22_11_33_34 241.46 242.26 241.86
2014_1_22_11_34_37 241.39 242.19 241.79
