2014_1_22_13_20_52 241.25 242.05 241.65
2014_1_22_13_21_54 241.28 242.08 241.68
2014_1_22_13_22_56 241.28 242.08 241.68
2014_1_22_13_24_1 241.32 242.12 241.72
2014_1_22_13_25_4 241.32 242.12 241.72
2014_1_22_13_26_7 241.35 242.15 241.75
2014_1_22_13_27_9 241.35 242.15 241.75
2014_1_22_13_28_12 241.34 242.14 241.74
2014_1_22_13_29_14 241.34 242.14 241.74
2014_1_22_13_30_17 241.35 242.15 241.75
2014_1_22_13_31_20 241.35 242.15 241.75
2014_1_22_13_32_24 241.33 242.13 241.73
2014_1_22_13_33_28 241.36 242.16 241.76
2014_1_22_13_34_30 241.35 242.15 241.75
2014_1_22_13_35_36 241.32 242.12 241.72
2014_1_22_13_36_41 241.35 242.15 241.75
2014_1_22_13_37_43 241.33 242.13 241.73
2014_1_22_13_38_45 241.28 242.08 241.68
2014_1_22_13_39_47 241.24 242.04 241.64
2014_1_22_13_40_49 241.27 242.07 241.67
