2014_1_22_2_32_54 241.34 242.14 241.74
2014_1_22_2_33_55 241.39 242.19 241.79
2014_1_22_2_34_58 241.28 242.08 241.68
2014_1_22_2_36_1 241.28 242.08 241.68
2014_1_22_2_37_3 241.35 242.15 241.75
2014_1_22_2_38_6 241.35 242.15 241.75
2014_1_22_2_39_8 241.35 242.15 241.75
2014_1_22_2_40_10 241.31 242.11 241.71
2014_1_22_2_41_11 241.34 242.14 241.74
2014_1_22_2_42_13 241.31 242.11 241.71
2014_1_22_2_43_16 241.33 242.13 241.73
2014_1_22_2_44_19 241.29 242.09 241.69
2014_1_22_2_45_21 241.29 242.09 241.69
2014_1_22_2_46_23 241.29 242.09 241.69
2014_1_22_2_47_25 241.36 242.16 241.76
2014_1_22_2_48_27 241.37 242.17 241.77
2014_1_22_2_49_29 241.37 242.17 241.77
2014_1_22_2_50_31 241.35 242.15 241.75
2014_1_22_2_51_33 241.36 242.16 241.76
2014_1_22_2_52_35 241.36 242.16 241.76
