2014_1_22_10_31_56 241.36 242.16 241.76
2014_1_22_10_32_59 241.35 242.15 241.75
2014_1_22_10_34_1 241.35 242.15 241.75
2014_1_22_10_35_6 241.37 242.17 241.77
2014_1_22_10_36_8 241.40 242.20 241.80
2014_1_22_10_37_10 241.44 242.24 241.84
2014_1_22_10_38_16 241.43 242.23 241.83
2014_1_22_10_39_18 241.40 242.20 241.80
2014_1_22_10_40_21 241.39 242.19 241.79
2014_1_22_10_41_24 241.39 242.19 241.79
2014_1_22_10_42_27 241.17 241.97 241.57
2014_1_22_10_43_29 241.20 242.00 241.60
2014_1_22_10_44_32 241.19 241.99 241.59
2014_1_22_10_45_34 241.21 242.01 241.61
2014_1_22_10_46_37 241.19 241.99 241.59
2014_1_22_10_47_39 241.21 242.01 241.61
2014_1_22_10_48_44 241.18 241.98 241.58
2014_1_22_10_49_47 241.20 242.00 241.60
2014_1_22_10_50_49 241.20 242.00 241.60
2014_1_22_10_51_52 241.19 241.99 241.59
