2014_1_21_11_5_18 242.57 243.37 242.97
2014_1_21_11_5_51 242.57 243.37 242.97
2014_1_21_11_6_27 242.57 243.37 242.97
2014_1_21_11_7_0 242.52 243.32 242.92
2014_1_21_11_7_32 242.45 243.25 242.85
2014_1_21_11_8_3 242.45 243.25 242.85
2014_1_21_11_8_36 242.45 243.25 242.85
2014_1_21_11_9_12 242.47 243.27 242.87
2014_1_21_11_9_47 242.45 243.25 242.85
2014_1_21_11_10_20 242.46 243.26 242.86
2014_1_21_11_10_51 242.44 243.24 242.84
2014_1_21_11_11_24 242.44 243.24 242.84
2014_1_21_11_11_59 242.44 243.24 242.84
2014_1_21_11_12_33 242.44 243.24 242.84
2014_1_21_11_13_6 242.44 243.24 242.84
2014_1_21_11_13_38 242.44 243.24 242.84
2014_1_21_11_14_9 242.44 243.24 242.84
2014_1_21_11_14_45 242.43 243.23 242.83
2014_1_21_11_15_20 242.43 243.23 242.83
2014_1_21_11_15_51 242.43 243.23 242.83
