2014_1_21_22_42_6 240.63 241.43 241.03
2014_1_21_22_43_9 240.83 241.63 241.23
2014_1_21_22_44_11 240.89 241.69 241.29
2014_1_21_22_45_14 240.84 241.64 241.24
2014_1_21_22_46_16 240.88 241.68 241.28
2014_1_21_22_47_19 240.88 241.68 241.28
2014_1_21_22_48_22 240.78 241.58 241.18
2014_1_21_22_49_24 240.78 241.58 241.18
2014_1_21_22_50_26 240.78 241.58 241.18
2014_1_21_22_51_27 240.90 241.70 241.30
2014_1_21_22_52_30 240.80 241.60 241.20
2014_1_21_22_53_33 240.83 241.63 241.23
2014_1_21_22_54_35 240.90 241.70 241.30
2014_1_21_22_55_38 240.91 241.71 241.31
2014_1_21_22_56_40 240.93 241.73 241.33
2014_1_21_22_57_41 240.88 241.68 241.28
2014_1_21_22_58_43 240.88 241.68 241.28
2014_1_21_22_59_45 240.77 241.57 241.17
2014_1_21_23_0_51 240.83 241.63 241.23
2014_1_21_23_1_53 240.83 241.63 241.23
