2014_1_22_15_49_24 241.24 242.04 241.64
2014_1_22_15_50_26 241.16 241.96 241.56
2014_1_22_15_51_28 241.12 241.92 241.52
2014_1_22_15_52_32 241.12 241.92 241.52
2014_1_22_15_53_34 241.13 241.93 241.53
2014_1_22_15_54_37 241.11 241.91 241.51
2014_1_22_15_55_41 240.99 241.79 241.39
2014_1_22_15_56_43 240.97 241.77 241.37
2014_1_22_15_57_46 240.89 241.69 241.29
2014_1_22_15_58_49 240.88 241.68 241.28
2014_1_22_15_59_52 240.86 241.66 241.26
2014_1_22_16_0_56 240.91 241.71 241.31
2014_1_22_16_1_59 240.90 241.70 241.30
2014_1_22_16_3_2 240.81 241.61 241.21
2014_1_22_16_10_22 240.87 241.67 241.27
2014_1_22_16_11_29 240.81 241.61 241.21
2014_1_22_16_12_32 240.87 241.67 241.27
2014_1_22_16_13_34 240.90 241.70 241.30
2014_1_22_16_14_36 241.04 241.84 241.44
2014_1_22_16_15_39 241.01 241.81 241.41
