2014_1_22_0_47_53 241.07 241.87 241.47
2014_1_22_0_48_55 241.09 241.89 241.49
2014_1_22_0_50_1 241.12 241.92 241.52
2014_1_22_0_51_3 241.13 241.93 241.53
2014_1_22_0_52_6 241.21 242.01 241.61
2014_1_22_0_53_9 241.23 242.03 241.63
2014_1_22_0_54_11 241.20 242.00 241.60
2014_1_22_0_55_12 241.20 242.00 241.60
2014_1_22_0_56_14 241.24 242.04 241.64
2014_1_22_0_57_16 241.24 242.04 241.64
2014_1_22_0_58_18 241.11 241.91 241.51
2014_1_22_0_59_20 241.13 241.93 241.53
2014_1_22_1_0_22 241.11 241.91 241.51
2014_1_22_1_1_24 241.11 241.91 241.51
2014_1_22_1_2_25 241.20 242.00 241.60
2014_1_22_1_3_27 241.18 241.98 241.58
2014_1_22_1_4_30 241.18 241.98 241.58
2014_1_22_1_5_32 241.23 242.03 241.63
2014_1_22_1_6_35 241.23 242.03 241.63
2014_1_22_1_7_38 241.41 242.21 241.81
