2014_1_22_12_38_34 241.47 242.27 241.87
2014_1_22_12_39_36 241.46 242.26 241.86
2014_1_22_12_40_41 241.46 242.26 241.86
2014_1_22_12_41_45 241.47 242.27 241.87
2014_1_22_12_42_47 241.46 242.26 241.86
2014_1_22_12_43_49 241.46 242.26 241.86
2014_1_22_12_44_55 241.43 242.23 241.83
2014_1_22_12_45_58 241.43 242.23 241.83
2014_1_22_12_47_0 241.40 242.20 241.80
2014_1_22_12_48_5 241.40 242.20 241.80
2014_1_22_12_49_12 241.38 242.18 241.78
2014_1_22_12_50_15 241.39 242.19 241.79
2014_1_22_12_51_17 241.39 242.19 241.79
2014_1_22_12_52_20 241.40 242.20 241.80
2014_1_22_12_53_22 241.40 242.20 241.80
2014_1_22_12_54_25 241.36 242.16 241.76
2014_1_22_12_55_27 241.36 242.16 241.76
2014_1_22_12_56_30 241.36 242.16 241.76
2014_1_22_12_57_34 241.36 242.16 241.76
2014_1_22_12_58_37 241.37 242.17 241.77
