2014_1_22_0_6_17 240.83 241.63 241.23
2014_1_22_0_7_18 240.78 241.58 241.18
2014_1_22_0_8_20 240.87 241.67 241.27
2014_1_22_0_9_22 240.85 241.65 241.25
2014_1_22_0_10_28 240.89 241.69 241.29
2014_1_22_0_11_30 241.03 241.83 241.43
2014_1_22_0_12_32 241.02 241.82 241.42
2014_1_22_0_13_35 241.01 241.81 241.41
2014_1_22_0_14_38 241.05 241.85 241.45
2014_1_22_0_15_41 241.05 241.85 241.45
2014_1_22_0_16_43 241.11 241.91 241.51
2014_1_22_0_17_45 241.11 241.91 241.51
2014_1_22_0_18_47 241.04 241.84 241.44
2014_1_22_0_19_49 241.09 241.89 241.49
2014_1_22_0_20_51 241.09 241.89 241.49
2014_1_22_0_21_53 241.14 241.94 241.54
2014_1_22_0_22_55 241.14 241.94 241.54
2014_1_22_0_23_57 241.10 241.90 241.50
2014_1_22_0_24_59 241.10 241.90 241.50
2014_1_22_0_26_1 241.05 241.85 241.45
